%YAML:1.0
---
rvec: !!opencv-matrix
   rows: 3
   cols: 1
   dt: d
   data: [ 1.642501030449613, 1.6484776234055434, -0.83929650234783859 ]
tvec: !!opencv-matrix
   rows: 3
   cols: 1
   dt: d
   data: [ 358.55805132063745, 219.62826836487076, -40.33893588598761 ]
