%YAML:1.0
---
rvec: !!opencv-matrix
   rows: 3
   cols: 1
   dt: d
   data: [ 1.6392990050812262, -1.6596142545202537, 0.84433465757993109 ]
tvec: !!opencv-matrix
   rows: 3
   cols: 1
   dt: d
   data: [ -353.02026150146241, 205.53890237875422, -27.928179135370357 ]
