%YAML:1.0
---
rvec: !!opencv-matrix
   rows: 3
   cols: 1
   dt: d
   data: [ 1.7088203403738289, 1.6027447547975986, -0.82702557307557145 ]
tvec: !!opencv-matrix
   rows: 3
   cols: 1
   dt: d
   data: [ -334.45684096749113, 232.19395880126262, -41.686645217145724 ]
