%YAML:1.0
---
rvec: !!opencv-matrix
   rows: 3
   cols: 1
   dt: d
   data: [ 2.154263092470257, -0.015376354101877293,
       -0.0046554888425581779 ]
tvec: !!opencv-matrix
   rows: 3
   cols: 1
   dt: d
   data: [ -6.2601425077482986, 504.23772313806506, -482.23436553329816 ]
