%YAML:1.0
---
rvec: !!opencv-matrix
   rows: 3
   cols: 1
   dt: d
   data: [ -0.020530210198849201, 2.7430853492542182,
       -1.4803682903937747 ]
tvec: !!opencv-matrix
   rows: 3
   cols: 1
   dt: d
   data: [ -16.864014445516233, 459.72674621287968, -511.81102014647786 ]
