%YAML:1.0
---
rvec: !!opencv-matrix
   rows: 3
   cols: 1
   dt: d
   data: [ 1.6597048584159384, -1.7271221958573733, 0.85755046076154307 ]
tvec: !!opencv-matrix
   rows: 3
   cols: 1
   dt: d
   data: [ 337.52247650693806, 216.43183087588426, -7.2213557964677193 ]
