%YAML:1.0
---
xi: !!opencv-matrix
   rows: 1
   cols: 1
   dt: d
   data: [ 1.5959770332730308e+00 ]
cameraMatrix: !!opencv-matrix
   rows: 3
   cols: 3
   dt: d
   data: [ 9.6622085754018940e+02, 5.6646658120288196e-01,
       6.0750538504133249e+02, 0., 9.3072490908058364e+02,
       3.4882356529539783e+02, 0., 0., 1. ]
distCoeffs: !!opencv-matrix
   rows: 1
   cols: 4
   dt: d
   data: [ 3.7131965776766052e-01, -6.0401407091608550e-01,
       -4.0680019765320739e-03, -2.2215973759235380e-03 ]
imageSize: [ 1280, 720 ]
