%YAML:1.0
---
xi: !!opencv-matrix
   rows: 1
   cols: 1
   dt: d
   data: [ 1.3366411500459199e+00 ]
cameraMatrix: !!opencv-matrix
   rows: 3
   cols: 3
   dt: d
   data: [ 8.8706170270371956e+02, 3.8552802708948365e-03,
       6.2080901006224644e+02, 0., 8.5369375937306893e+02,
       3.4855596342005447e+02, 0., 0., 1. ]
distCoeffs: !!opencv-matrix
   rows: 1
   cols: 4
   dt: d
   data: [ 1.4473136181246893e-01, -3.6601658409934684e-01,
       1.1858535661631207e-03, -2.0673612436333299e-03 ]
imageSize: [ 1280, 720 ]
