%YAML:1.0
---
xi: !!opencv-matrix
   rows: 1
   cols: 1
   dt: d
   data: [ 9.1878051482744294e-01 ]
cameraMatrix: !!opencv-matrix
   rows: 3
   cols: 3
   dt: d
   data: [ 7.0446427144607242e+02, -3.9729731852535188e+00,
       6.2205019253039677e+02, 0., 6.7889343593797753e+02,
       3.5713359209861051e+02, 0., 0., 1. ]
distCoeffs: !!opencv-matrix
   rows: 1
   cols: 4
   dt: d
   data: [ -3.5061460008594260e-02, -1.4965244143473669e-01,
       -2.1635426785910515e-03, 1.7872083160605126e-03 ]
imageSize: [ 1280, 720 ]
