%YAML:1.0
---
xi: !!opencv-matrix
   rows: 1
   cols: 1
   dt: d
   data: [ 1.1699657631100258e+00 ]
cameraMatrix: !!opencv-matrix
   rows: 3
   cols: 3
   dt: d
   data: [ 8.1279919466776653e+02, 6.9258309225262671e-01,
       6.5775682714252616e+02, 0., 7.8337222614107350e+02,
       3.4074650543598256e+02, 0., 0., 1. ]
distCoeffs: !!opencv-matrix
   rows: 1
   cols: 4
   dt: d
   data: [ 4.5133306339481094e-02, -2.4037237206982420e-01,
       -4.6298633616186638e-04, -3.8943042882351659e-04 ]
imageSize: [ 1280, 720 ]
