%YAML:1.0
---
xi: !!opencv-matrix
   rows: 1
   cols: 1
   dt: d
   data: [ 1.1892430411058728e+00 ]
cameraMatrix: !!opencv-matrix
   rows: 3
   cols: 3
   dt: d
   data: [ 8.1925218100192308e+02, 3.2839799441378226e-01,
       6.7560838734462345e+02, 0., 7.8933280064610130e+02,
       3.5928467693629580e+02, 0., 0., 1. ]
distCoeffs: !!opencv-matrix
   rows: 1
   cols: 4
   dt: d
   data: [ 5.4913294478055048e-02, -2.4571506019255035e-01,
       -9.7717828384849439e-04, -1.5726662080261513e-04 ]
imageSize: [ 1280, 720 ]
