%YAML:1.0
---
xi: !!opencv-matrix
   rows: 1
   cols: 1
   dt: d
   data: [ 1.0600377577516469e+00 ]
cameraMatrix: !!opencv-matrix
   rows: 3
   cols: 3
   dt: d
   data: [ 7.7363805570727914e+02, 7.6103804047808110e-01,
       6.2153740858191622e+02, 0., 7.4537583701489552e+02,
       3.5779843679883396e+02, 0., 0., 1. ]
distCoeffs: !!opencv-matrix
   rows: 1
   cols: 4
   dt: d
   data: [ -1.1277070169518521e-02, -1.9025620079999458e-01,
       5.1349579795662726e-05, -6.7153536695872893e-04 ]
imageSize: [ 1280, 720 ]
