%YAML:1.0
---
xi: !!opencv-matrix
   rows: 1
   cols: 1
   dt: d
   data: [ 1.5035919878235908e+00 ]
rvec: !!opencv-matrix
   rows: 3
   cols: 1
   dt: d
   data: [ -8.6018477798769963e-02, -2.7284313721873867e+00,
       -1.4702406060873912e+00 ]
tvec: !!opencv-matrix
   rows: 3
   cols: 1
   dt: d
   data: [ -1.1231320347671698e+01, -1.9446460893910233e+02,
       -9.3186081103286455e+01 ]
cameraMatrix: !!opencv-matrix
   rows: 3
   cols: 3
   dt: d
   data: [ 9.2968366122276529e+02, 1.3615698318142375e-01,
       6.5844597134003914e+02, 0., 8.9620014341907620e+02,
       3.6825027282244025e+02, 0., 0., 1. ]
distCoeffs: !!opencv-matrix
   rows: 1
   cols: 4
   dt: d
   data: [ -3.7852722632355557e-01, 8.7523925306987285e-02,
       7.7047913318502228e-04, -5.9389954440034875e-04 ]
