%YAML:1.0
---
xi: !!opencv-matrix
   rows: 1
   cols: 1
   dt: d
   data: [ 1.1836300934972597e+00 ]
rvec: !!opencv-matrix
   rows: 3
   cols: 1
   dt: d
   data: [ -1.6170964024518477e+00, 1.6037452838720061e+00,
       9.2373708278744027e-01 ]
tvec: !!opencv-matrix
   rows: 3
   cols: 1
   dt: d
   data: [ 1.5858923855051735e+01, -1.5923426959513446e+02,
       -5.3865246974787645e+01 ]
cameraMatrix: !!opencv-matrix
   rows: 3
   cols: 3
   dt: d
   data: [ 8.0450305898274462e+02, 1.2067649407088505e+00,
       6.6998739578256436e+02, 0., 7.7533305960793859e+02,
       3.6500416520835444e+02, 0., 0., 1. ]
distCoeffs: !!opencv-matrix
   rows: 1
   cols: 4
   dt: d
   data: [ -4.0108310665207425e-01, 1.2714464035795420e-01,
       2.4347189054824397e-03, 2.6800809218395340e-03 ]
