%YAML:1.0
---
xi: !!opencv-matrix
   rows: 1
   cols: 1
   dt: d
   data: [ 1.2959171322086813e+00 ]
rvec: !!opencv-matrix
   rows: 3
   cols: 1
   dt: d
   data: [ -1.6844565228202091e+00, -1.7311259060743844e+00,
       -9.8739734484857522e-01 ]
tvec: !!opencv-matrix
   rows: 3
   cols: 1
   dt: d
   data: [ -3.6659015824250094e+00, -1.6335333223951261e+02,
       -4.0568640990115476e+01 ]
cameraMatrix: !!opencv-matrix
   rows: 3
   cols: 3
   dt: d
   data: [ 8.4708040819625194e+02, -2.1076613764408880e-01,
       6.5149628007969932e+02, 0., 8.1615000710912580e+02,
       3.7301733664957999e+02, 0., 0., 1. ]
distCoeffs: !!opencv-matrix
   rows: 1
   cols: 4
   dt: d
   data: [ -4.0918064000530446e-01, 1.3227039342872457e-01,
       1.1582149192192378e-04, -1.0071260318089807e-03 ]
