%YAML:1.0
---
xi: !!opencv-matrix
   rows: 1
   cols: 1
   dt: d
   data: [ 1.3325513208425781e+00 ]
rvec: !!opencv-matrix
   rows: 3
   cols: 1
   dt: d
   data: [ -2.3701208918632442e+00, -2.1278434575746108e-01,
       1.6563141128984313e-02 ]
tvec: !!opencv-matrix
   rows: 3
   cols: 1
   dt: d
   data: [ 3.0964632020022133e+01, -2.0300334938498617e+02,
       -5.2061674258549935e+01 ]
cameraMatrix: !!opencv-matrix
   rows: 3
   cols: 3
   dt: d
   data: [ 8.6564831161478958e+02, 5.0747598052478660e-01,
       6.6708295922266439e+02, 0., 8.3390934490541201e+02,
       3.6671423786946326e+02, 0., 0., 1. ]
distCoeffs: !!opencv-matrix
   rows: 1
   cols: 4
   dt: d
   data: [ -4.1596836392234099e-01, 1.3401874118459836e-01,
       1.2916440560207915e-03, 1.3715052320023389e-03 ]
